0 1 0 0 8.8780 9.2904 0.5000
0 1 0 0 10.4280 9.2904 0.5000
0 1 0 0 9.5360 9.2904 0.5000
0 1 0 0 8.7790 9.2904 0.5000
0 1 0 0 9.0160 9.2904 0.5000
0 1 0 0 16.6890 9.2904 0.5000
0 1 0 0 13.8210 9.2904 0.5000
0 1 0 0 8.9860 9.2904 0.5000
0 1 0 0 9.9970 9.2904 0.5000
0 1 0 0 20.0390 9.2904 0.4636
0 1 0 0 8.7770 9.2904 0.5000
0 1 0 0 9.4140 9.2904 0.5000
0 1 0 0 9.2350 9.2904 0.5000
0 1 0 0 10.0790 9.2904 0.5000
0 1 0 0 9.3700 9.2904 0.5000
0 1 0 0 9.3150 9.2904 0.5000
0 1 0 0 8.6230 9.2904 0.5000
0 0 1 0 13.9590 9.2904 0.0000
0 1 0 0 8.9770 9.2904 0.5000
0 1 0 0 8.7050 9.2904 0.5000
1 1 0 0 10.2930 8.7136 0.5000
1 1 0 0 10.8070 8.7136 0.5000
1 1 0 0 10.3540 8.7136 0.5000
1 1 0 0 10.2150 8.7136 0.5000
1 1 0 0 10.7790 8.7136 0.5000
1 1 0 0 10.2120 8.7136 0.5000
1 1 0 0 9.8540 8.7136 0.5000
1 1 0 0 11.1400 8.7136 0.5000
1 1 0 0 10.3360 8.7136 0.5000
1 1 0 0 10.4130 8.7136 0.5000
1 0 1 0 6.3060 8.7136 0.0000
1 1 0 0 11.0600 8.7136 0.5000
1 1 0 0 10.3240 8.7136 0.5000
1 1 0 0 10.5370 8.7136 0.5000
1 1 0 0 10.9460 8.7136 0.5000
1 1 0 0 9.9950 8.7136 0.5000
1 1 0 0 17.0960 8.7136 0.5000
1 1 0 0 10.1140 8.7136 0.5000
1 1 0 0 10.2830 8.7136 0.5000
1 1 0 0 13.2900 8.7136 0.5000
2 1 0 0 5.9790 8.8156 0.5000
2 1 0 0 6.0390 8.8156 0.5000
2 1 0 0 6.4600 8.8156 0.5000
2 1 0 0 6.4330 8.8156 0.5000
2 1 0 0 6.4250 8.8156 0.5000
2 1 0 0 6.1540 8.8156 0.5000
2 1 0 0 6.1280 8.8156 0.5000
2 1 0 0 6.1410 8.8156 0.5000
2 1 0 0 6.1730 8.8156 0.5000
2 1 0 0 6.2130 8.8156 0.5000
2 1 0 0 6.2130 8.8156 0.5000
2 1 0 0 6.0010 8.8156 0.5000
2 1 0 0 6.1430 8.8156 0.5000
2 1 0 0 6.1380 8.8156 0.5000
2 1 0 0 6.0190 8.8156 0.5000
2 1 0 0 6.0080 8.8156 0.5000
2 1 0 0 5.9640 8.8156 0.5000
2 1 0 0 6.0870 8.8156 0.5000
2 1 0 0 6.4640 8.8156 0.5000
2 1 0 0 5.9590 8.8156 0.5000
3 1 0 0 8.7240 8.4734 0.5000
3 1 0 0 8.1590 8.4734 0.5000
3 1 0 0 8.7360 8.4734 0.5000
3 1 0 0 8.8570 8.4734 0.5000
3 1 0 0 8.3360 8.4734 0.5000
3 1 0 0 9.4130 8.4734 0.5000
3 1 0 0 8.8880 8.4734 0.5000
3 1 0 0 8.4780 8.4734 0.5000
3 1 0 0 8.7550 8.4734 0.5000
3 1 0 0 8.8650 8.4734 0.5000
3 1 0 0 8.7850 8.4734 0.5000
3 1 0 0 8.4180 8.4734 0.5000
3 1 0 0 8.4170 8.4734 0.5000
3 1 0 0 8.4010 8.4734 0.5000
3 1 0 0 9.1270 8.4734 0.5000
3 1 0 0 8.9730 8.4734 0.5000
3 1 0 0 8.7920 8.4734 0.5000
3 1 0 0 8.3720 8.4734 0.5000
3 1 0 0 8.8260 8.4734 0.5000
3 1 0 0 9.4260 8.4734 0.5000
4 1 0 0 13.4330 8.4641 0.5000
4 1 0 0 12.4290 8.4641 0.5000
4 1 0 0 12.5590 8.4641 0.5000
4 1 0 0 13.0510 8.4641 0.5000
4 1 0 0 12.6920 8.4641 0.5000
4 1 0 0 12.7010 8.4641 0.5000
4 1 0 0 11.6840 8.4641 0.5000
4 1 0 0 12.2940 8.4641 0.5000
4 1 0 0 12.6670 8.4641 0.5000
4 1 0 0 12.4740 8.4641 0.5000
4 1 0 0 12.5380 8.4641 0.5000
4 1 0 0 12.7220 8.4641 0.5000
4 1 0 0 12.5130 8.4641 0.5000
4 1 0 0 12.8200 8.4641 0.5000
4 1 0 0 14.2460 8.4641 0.5000
4 1 0 0 12.7320 8.4641 0.5000
4 1 0 0 13.3460 8.4641 0.5000
4 1 0 0 12.7360 8.4641 0.5000
4 1 0 0 12.5060 8.4641 0.5000
4 1 0 0 13.2900 8.4641 0.5000
5 1 0 0 9.1770 8.3924 0.5000
5 1 0 0 9.4530 8.3924 0.5000
5 1 0 0 9.5040 8.3924 0.5000
5 1 0 0 9.3860 8.3924 0.5000
5 1 0 0 9.3530 8.3924 0.5000
5 1 0 0 9.4000 8.3924 0.5000
5 1 0 0 9.2590 8.3924 0.5000
5 1 0 0 9.1240 8.3924 0.5000
5 1 0 0 9.3980 8.3924 0.5000
5 1 0 0 9.4070 8.3924 0.5000
5 1 0 0 9.4000 8.3924 0.5000
5 1 0 0 10.5240 8.3924 0.5000
5 1 0 0 9.4320 8.3924 0.5000
5 1 0 0 8.9330 8.3924 0.5000
5 1 0 0 9.0570 8.3924 0.5000
5 1 0 0 9.3380 8.3924 0.5000
5 1 0 0 8.8970 8.3924 0.5000
5 1 0 0 9.4630 8.3924 0.5000
5 1 0 0 9.5260 8.3924 0.5000
5 1 0 0 9.8130 8.3924 0.5000
6 1 0 0 8.8620 8.7320 0.5000
6 1 0 0 8.6890 8.7320 0.5000
6 1 0 0 17.6300 8.7320 0.4953
6 1 0 0 8.2890 8.7320 0.5000
6 1 0 0 8.7760 8.7320 0.5000
6 1 0 0 8.2700 8.7320 0.5000
6 1 0 0 8.2700 8.7320 0.5000
6 1 0 0 8.8320 8.7320 0.5000
6 1 0 0 8.4700 8.7320 0.5000
6 1 0 0 8.2700 8.7320 0.5000
6 1 0 0 8.6390 8.7320 0.5000
6 1 0 0 9.1810 8.7320 0.5000
6 1 0 0 8.7830 8.7320 0.5000
6 1 0 0 8.2280 8.7320 0.5000
6 1 0 0 9.1600 8.7320 0.5000
6 1 0 0 8.3860 8.7320 0.5000
6 1 0 0 9.3370 8.7320 0.5000
6 1 0 0 11.7280 8.7320 0.5000
6 1 0 0 8.4260 8.7320 0.5000
6 1 0 0 8.4020 8.7320 0.5000
7 1 0 0 8.5700 8.6485 0.5000
7 1 0 0 7.6170 8.6485 0.5000
7 1 0 0 7.7450 8.6485 0.5000
7 1 0 0 7.7690 8.6485 0.5000
7 1 0 0 7.5980 8.6485 0.5000
7 1 0 0 7.9590 8.6485 0.5000
7 1 0 0 8.1470 8.6485 0.5000
7 1 0 0 7.8980 8.6485 0.5000
7 1 0 0 8.4650 8.6485 0.5000
7 1 0 0 8.4130 8.6485 0.5000
7 1 0 0 8.2330 8.6485 0.5000
7 1 0 0 9.2790 8.6485 0.5000
7 1 0 0 7.4360 8.6485 0.5000
7 1 0 0 8.9790 8.6485 0.5000
7 1 0 0 7.8230 8.6485 0.5000
7 1 0 0 7.7690 8.6485 0.5000
7 1 0 0 8.5040 8.6485 0.5000
7 1 0 0 8.8740 8.6485 0.5000
7 1 0 0 7.6210 8.6485 0.5000
7 1 0 0 8.7750 8.6485 0.5000
8 1 0 0 7.2340 8.1098 0.5000
8 1 0 0 7.7470 8.1098 0.5000
8 1 0 0 7.1910 8.1098 0.5000
8 1 0 0 7.3070 8.1098 0.5000
8 1 0 0 7.6310 8.1098 0.5000
8 1 0 0 7.2060 8.1098 0.5000
8 1 0 0 7.7890 8.1098 0.5000
8 1 0 0 7.1290 8.1098 0.5000
8 1 0 0 7.6630 8.1098 0.5000
8 1 0 0 7.6940 8.1098 0.5000
8 1 0 0 7.2890 8.1098 0.5000
8 1 0 0 7.7330 8.1098 0.5000
8 1 0 0 7.3450 8.1098 0.5000
8 1 0 0 7.1900 8.1098 0.5000
8 1 0 0 7.5010 8.1098 0.5000
8 1 0 0 7.9740 8.1098 0.5000
8 1 0 0 7.7360 8.1098 0.5000
8 1 0 0 7.1260 8.1098 0.5000
8 1 0 0 7.2980 8.1098 0.5000
8 1 0 0 7.0720 8.1098 0.5000
243 1 0 0 20.5460 9.3565 0.4554
243 1 0 0 15.1000 9.3565 0.5000
243 1 0 0 14.2190 9.3565 0.5000
243 1 0 0 14.3280 9.3565 0.5000
243 1 0 0 18.9110 9.3565 0.4948
243 1 0 0 14.3410 9.3565 0.5000
243 0 1 0 16.7520 9.3565 0.0000
243 1 0 0 13.6960 9.3565 0.5000
243 1 0 0 14.7870 9.3565 0.5000
243 1 0 0 14.3010 9.3565 0.5000
243 1 0 0 13.4890 9.3565 0.5000
243 1 0 0 18.2900 9.3565 0.5000
243 1 0 0 13.9140 9.3565 0.5000
243 1 0 0 13.6640 9.3565 0.5000
243 1 0 0 15.9580 9.3565 0.5000
243 1 0 0 14.4880 9.3565 0.5000
243 1 0 0 14.0920 9.3565 0.5000
243 1 0 0 14.1300 9.3565 0.5000
243 1 0 0 19.8740 9.3565 0.4708
243 1 0 0 13.4850 9.3565 0.5000
244 1 0 0 8.8140 7.8886 0.5000
244 1 0 0 8.7280 7.8886 0.5000
244 1 0 0 8.8800 7.8886 0.5000
244 1 0 0 8.6550 7.8886 0.5000
244 1 0 0 8.7970 7.8886 0.5000
244 1 0 0 8.8750 7.8886 0.5000
244 1 0 0 9.0090 7.8886 0.5000
244 1 0 0 9.0940 7.8886 0.5000
244 1 0 0 8.3300 7.8886 0.5000
244 1 0 0 8.7240 7.8886 0.5000
244 1 0 0 8.8860 7.8886 0.5000
244 1 0 0 8.6860 7.8886 0.5000
244 1 0 0 8.4140 7.8886 0.5000
244 1 0 0 8.2740 7.8886 0.5000
244 1 0 0 8.8320 7.8886 0.5000
244 1 0 0 9.2490 7.8886 0.5000
244 1 0 0 8.5950 7.8886 0.5000
244 1 0 0 8.5990 7.8886 0.5000
244 1 0 0 8.9700 7.8886 0.5000
244 1 0 0 8.7660 7.8886 0.5000
245 1 0 0 64.8800 8.0073 0.1250
245 0 0 1 113.9320 8.0073 0.0000
245 1 0 0 30.3250 8.0073 0.2640
245 0 0 1 113.4110 8.0073 0.0000
245 1 0 0 14.9170 8.0073 0.5000
245 0 0 1 113.8150 8.0073 0.0000
245 0 0 1 114.8890 8.0073 0.0000
245 0 0 1 113.2620 8.0073 0.0000
245 0 0 1 113.8930 8.0073 0.0000
245 0 0 1 113.4430 8.0073 0.0000
245 0 1 0 11.5090 8.0073 0.0000
245 0 1 0 28.9670 8.0073 0.0000
245 0 1 0 18.6840 8.0073 0.0000
245 1 0 0 46.1800 8.0073 0.1734
245 0 0 1 113.5880 8.0073 0.0000
245 1 0 0 42.7200 8.0073 0.1874
245 0 0 1 113.8520 8.0073 0.0000
246 1 0 0 10.6600 7.9229 0.5000
246 1 0 0 11.3180 7.9229 0.5000
246 1 0 0 10.6010 7.9229 0.5000
246 1 0 0 13.9540 7.9229 0.5000
246 1 0 0 11.2520 7.9229 0.5000
246 1 0 0 11.0180 7.9229 0.5000
246 1 0 0 10.5370 7.9229 0.5000
246 1 0 0 10.8650 7.9229 0.5000
246 1 0 0 10.6030 7.9229 0.5000
246 1 0 0 10.9870 7.9229 0.5000
246 1 0 0 11.0430 7.9229 0.5000
246 1 0 0 10.7270 7.9229 0.5000
246 1 0 0 11.4490 7.9229 0.5000
246 1 0 0 10.4850 7.9229 0.5000
246 1 0 0 9.9790 7.9229 0.5000
246 1 0 0 10.9430 7.9229 0.5000
246 1 0 0 17.1780 7.9229 0.4612
246 1 0 0 11.2100 7.9229 0.5000
246 1 0 0 10.9290 7.9229 0.5000
246 1 0 0 10.5690 7.9229 0.5000
247 1 0 0 9.2300 8.3974 0.5000
247 1 0 0 8.7620 8.3974 0.5000
247 1 0 0 8.9030 8.3974 0.5000
247 1 0 0 9.7380 8.3974 0.5000
247 1 0 0 9.3720 8.3974 0.5000
247 1 0 0 8.8100 8.3974 0.5000
247 1 0 0 8.9260 8.3974 0.5000
247 1 0 0 8.7010 8.3974 0.5000
247 1 0 0 9.8410 8.3974 0.5000
247 1 0 0 9.3600 8.3974 0.5000
247 1 0 0 8.6530 8.3974 0.5000
247 1 0 0 9.3510 8.3974 0.5000
247 1 0 0 9.4700 8.3974 0.5000
247 1 0 0 9.3500 8.3974 0.5000
247 1 0 0 9.3990 8.3974 0.5000
247 1 0 0 9.2310 8.3974 0.5000
247 1 0 0 8.9120 8.3974 0.5000
247 1 0 0 8.7410 8.3974 0.5000
247 1 0 0 8.2850 8.3974 0.5000
247 1 0 0 8.8350 8.3974 0.5000
248 0 1 0 84.3220 7.9923 0.0000
248 0 0 1 113.1360 7.9923 0.0000
248 1 0 0 30.8530 7.9923 0.2590
248 0 0 1 114.6510 7.9923 0.0000
248 0 0 1 114.5840 7.9923 0.0000
248 1 0 0 17.5050 7.9923 0.4566
248 0 1 0 21.6170 7.9923 0.0000
248 1 0 0 26.4940 7.9923 0.3017
248 0 0 1 113.6080 7.9923 0.0000
248 0 1 0 18.2170 7.9923 0.0000
248 0 0 1 113.6610 7.9923 0.0000
248 1 0 0 88.1370 7.9923 0.1250
248 1 0 0 57.6840 7.9923 0.1386
248 0 0 1 113.7660 7.9923 0.0000
248 1 0 0 33.1500 7.9923 0.2411
248 1 0 0 94.3850 7.9923 0.1250
248 0 0 1 114.9350 7.9923 0.0000
248 0 0 1 113.1440 7.9923 0.0000
248 1 0 0 45.1890 7.9923 0.1769
248 1 0 0 26.3050 7.9923 0.3038
249 1 0 0 10.2830 8.1320 0.5000
249 1 0 0 10.2430 8.1320 0.5000
249 1 0 0 10.3900 8.1320 0.5000
249 1 0 0 11.1130 8.1320 0.5000
249 1 0 0 10.8810 8.1320 0.5000
249 1 0 0 11.0640 8.1320 0.5000
249 1 0 0 11.0190 8.1320 0.5000
249 1 0 0 11.0680 8.1320 0.5000
249 1 0 0 11.1250 8.1320 0.5000
249 1 0 0 11.1460 8.1320 0.5000
249 1 0 0 11.0790 8.1320 0.5000
249 1 0 0 11.0000 8.1320 0.5000
249 1 0 0 10.5490 8.1320 0.5000
249 1 0 0 10.3500 8.1320 0.5000
249 1 0 0 10.4870 8.1320 0.5000
249 1 0 0 11.1970 8.1320 0.5000
249 1 0 0 11.0390 8.1320 0.5000
249 1 0 0 10.9930 8.1320 0.5000
249 1 0 0 11.3960 8.1320 0.5000
249 1 0 0 10.6470 8.1320 0.5000
250 1 0 0 14.9320 7.7533 0.5000
250 1 0 0 12.9110 7.7533 0.5000
250 1 0 0 19.1200 7.7533 0.4055
250 1 0 0 12.8540 7.7533 0.5000
250 1 0 0 19.9690 7.7533 0.3883
250 1 0 0 13.9570 7.7533 0.5000
250 1 0 0 13.8290 7.7533 0.5000
250 1 0 0 12.7750 7.7533 0.5000
250 1 0 0 14.5290 7.7533 0.5000
250 1 0 0 16.4160 7.7533 0.4723
250 1 0 0 15.7660 7.7533 0.4918
250 1 0 0 15.2590 7.7533 0.5000
250 1 0 0 14.9660 7.7533 0.5000
250 1 0 0 14.5160 7.7533 0.5000
250 1 0 0 15.4310 7.7533 0.5000
250 1 0 0 19.7530 7.7533 0.3925
250 1 0 0 15.6460 7.7533 0.4955
250 1 0 0 15.4930 7.7533 0.5000
250 1 0 0 12.9510 7.7533 0.5000
250 1 0 0 12.8180 7.7533 0.5000
251 1 0 0 12.5023 7.8992 0.5000
251 1 0 0 12.9610 7.8992 0.5000
251 1 0 0 13.0141 7.8992 0.5000
251 1 0 0 12.2638 7.8992 0.5000
251 1 0 0 13.1302 7.8992 0.5000
251 1 0 0 12.4141 7.8992 0.5000
251 1 0 0 12.7529 7.8992 0.5000
251 1 0 0 12.3986 7.8992 0.5000
251 1 0 0 12.7638 7.8992 0.5000
251 1 0 0 13.6426 7.8992 0.5000
251 1 0 0 12.7633 7.8992 0.5000
251 1 0 0 12.9152 7.8992 0.5000
251 1 0 0 13.4416 7.8992 0.5000
251 1 0 0 13.3470 7.8992 0.5000
251 1 0 0 12.2741 7.8992 0.5000
251 1 0 0 11.8366 7.8992 0.5000
251 1 0 0 11.8399 7.8992 0.5000
251 1 0 0 12.3993 7.8992 0.5000
251 1 0 0 13.0061 7.8992 0.5000
251 1 0 0 12.0688 7.8992 0.5000
252 1 0 0 37.6257 7.6412 0.2031
252 1 0 0 37.9001 7.6412 0.2016
252 1 0 0 22.9556 7.6412 0.3329
252 1 0 0 22.4911 7.6412 0.3397
252 1 0 0 17.7602 7.6412 0.4302
252 1 0 0 28.8884 7.6412 0.2645
252 1 0 0 18.2984 7.6412 0.4176
252 1 0 0 24.1686 7.6412 0.3162
252 1 0 0 18.1797 7.6412 0.4203
252 1 0 0 27.0475 7.6412 0.2825
252 1 0 0 17.2132 7.6412 0.4439
252 1 0 0 22.1082 7.6412 0.3456
252 1 0 0 23.0551 7.6412 0.3314
252 1 0 0 19.0424 7.6412 0.4013
252 1 0 0 17.5767 7.6412 0.4347
252 1 0 0 19.4866 7.6412 0.3921
252 1 0 0 27.9270 7.6412 0.2736
252 1 0 0 18.5001 7.6412 0.4130
252 1 0 0 31.0496 7.6412 0.2461
252 1 0 0 18.3104 7.6412 0.4173
253 1 0 0 22.1247 7.7807 0.3517
253 1 0 0 16.7792 7.7807 0.4637
253 1 0 0 26.3174 7.7807 0.2956
253 1 0 0 17.0579 7.7807 0.4561
253 1 0 0 16.9637 7.7807 0.4587
253 1 0 0 17.9025 7.7807 0.4346
253 1 0 0 16.9649 7.7807 0.4586
253 1 0 0 22.6945 7.7807 0.3428
253 1 0 0 28.0817 7.7807 0.2771
253 1 0 0 22.9399 7.7807 0.3392
253 1 0 0 28.2859 7.7807 0.2751
253 1 0 0 16.9981 7.7807 0.4577
253 1 0 0 17.4352 7.7807 0.4463
253 1 0 0 16.5963 7.7807 0.4688
253 1 0 0 31.1206 7.7807 0.2500
253 1 0 0 20.6336 7.7807 0.3771
253 1 0 0 16.3379 7.7807 0.4762
253 1 0 0 23.9526 7.7807 0.3248
253 1 0 0 17.1978 7.7807 0.4524
253 1 0 0 18.5625 7.7807 0.4192
254 1 0 0 14.9060 8.3322 0.5000
254 1 0 0 14.8014 8.3322 0.5000
254 1 0 0 15.2481 8.3322 0.5000
254 1 0 0 14.3769 8.3322 0.5000
254 1 0 0 13.4256 8.3322 0.5000
254 1 0 0 14.8992 8.3322 0.5000
254 1 0 0 15.0666 8.3322 0.5000
254 1 0 0 15.9707 8.3322 0.5000
254 1 0 0 14.1833 8.3322 0.5000
254 1 0 0 16.2878 8.3322 0.5000
254 1 0 0 13.9601 8.3322 0.5000
254 1 0 0 15.3073 8.3322 0.5000
254 1 0 0 15.0150 8.3322 0.5000
254 1 0 0 14.4371 8.3322 0.5000
254 1 0 0 14.7889 8.3322 0.5000
254 1 0 0 15.2733 8.3322 0.5000
254 1 0 0 14.9859 8.3322 0.5000
254 1 0 0 15.4091 8.3322 0.5000
254 1 0 0 15.7635 8.3322 0.5000
254 1 0 0 14.6886 8.3322 0.5000
255 1 0 0 36.6555 8.2343 0.2246
255 1 0 0 20.9509 8.2343 0.3930
255 1 0 0 26.5983 8.2343 0.3096
255 1 0 0 19.5529 8.2343 0.4211
255 1 0 0 19.4633 8.2343 0.4231
255 1 0 0 23.0830 8.2343 0.3567
255 1 0 0 18.9722 8.2343 0.4340
255 1 0 0 19.6141 8.2343 0.4198
255 0 0 1 119.2003 8.2343 0.0000
255 1 0 0 19.6113 8.2343 0.4199
255 1 0 0 20.9610 8.2343 0.3928
255 1 0 0 30.5778 8.2343 0.2693
255 0 0 1 120.6700 8.2343 0.0000
255 1 0 0 22.8597 8.2343 0.3602
255 0 0 1 120.1411 8.2343 0.0000
255 1 0 0 25.0662 8.2343 0.3285
255 1 0 1 100.7510 8.2343 0.1250
255 1 0 0 18.3371 8.2343 0.4491
255 1 0 0 21.2974 8.2343 0.3866
255 1 0 0 93.1134 8.2343 0.1250
256 1 0 0 12.4895 7.7935 0.5000
256 1 0 0 12.4604 7.7935 0.5000
256 1 0 0 12.3944 7.7935 0.5000
256 1 0 0 12.6101 7.7935 0.5000
256 1 0 0 12.9313 7.7935 0.5000
256 1 0 0 12.9194 7.7935 0.5000
256 1 0 0 12.2426 7.7935 0.5000
256 1 0 0 12.9147 7.7935 0.5000
256 1 0 0 12.8228 7.7935 0.5000
256 1 0 0 12.4019 7.7935 0.5000
256 1 0 0 12.8012 7.7935 0.5000
256 1 0 0 13.3045 7.7935 0.5000
256 1 0 0 13.3297 7.7935 0.5000
256 1 0 0 12.8440 7.7935 0.5000
256 1 0 0 12.5274 7.7935 0.5000
256 1 0 0 12.9439 7.7935 0.5000
256 1 0 0 12.4507 7.7935 0.5000
256 1 0 0 12.3167 7.7935 0.5000
256 1 0 0 12.9477 7.7935 0.5000
256 1 0 0 12.8118 7.7935 0.5000
257 1 0 0 37.9533 8.5552 0.2254
257 1 0 0 26.1519 8.5552 0.3271
257 1 0 0 54.7010 8.5552 0.1564
257 0 0 1 122.6134 8.5552 0.0000
257 1 0 0 26.4685 8.5552 0.3232
257 1 0 0 35.4066 8.5552 0.2416
257 1 0 0 24.4344 8.5552 0.3501
257 1 0 0 63.2447 8.5552 0.1353
257 1 0 0 20.2477 8.5552 0.4225
257 1 0 0 24.3445 8.5552 0.3514
257 1 0 0 27.6447 8.5552 0.3095
257 1 0 0 35.8198 8.5552 0.2388
257 1 0 0 23.4608 8.5552 0.3647
257 1 0 0 17.3405 8.5552 0.4934
257 1 0 0 24.1106 8.5552 0.3548
257 1 0 0 18.2492 8.5552 0.4688
257 1 0 0 21.5629 8.5552 0.3968
257 1 0 0 25.3971 8.5552 0.3369
257 1 0 0 59.8697 8.5552 0.1429
257 1 0 0 25.5973 8.5552 0.3342
258 0 0 1 120.8310 9.2138 0.0000
258 0 0 1 118.8803 9.2138 0.0000
258 0 0 1 121.8115 9.2138 0.0000
258 1 0 0 23.5598 9.2138 0.3911
258 1 0 1 109.9470 9.2138 0.1250
258 0 0 1 120.4725 9.2138 0.0000
258 1 0 0 72.9889 9.2138 0.1262
258 1 0 0 26.8382 9.2138 0.3433
258 1 0 0 59.3509 9.2138 0.1552
258 1 0 0 48.5305 9.2138 0.1899
258 0 0 1 121.4458 9.2138 0.0000
258 1 0 0 23.7262 9.2138 0.3883
258 0 0 1 120.8600 9.2138 0.0000
258 1 0 0 68.2135 9.2138 0.1351
258 0 0 1 122.2010 9.2138 0.0000
258 0 0 1 120.6425 9.2138 0.0000
258 0 0 1 120.4278 9.2138 0.0000
258 0 0 1 121.6886 9.2138 0.0000
259 0 0 1 119.7114 7.9560 0.0000
259 0 1 0 64.1825 7.9560 0.0000
259 0 0 1 120.6623 7.9560 0.0000
259 1 0 0 91.2869 7.9560 0.1250
259 0 0 1 120.3758 7.9560 0.0000
259 0 0 1 120.5736 7.9560 0.0000
259 0 1 0 61.2008 7.9560 0.0000
259 0 1 0 56.5056 7.9560 0.0000
259 0 0 1 119.0912 7.9560 0.0000
259 0 0 1 120.5984 7.9560 0.0000
259 0 1 0 24.8646 7.9560 0.0000
259 0 0 1 117.6115 7.9560 0.0000
259 1 0 0 91.1494 7.9560 0.1250
259 0 0 1 120.7448 7.9560 0.0000
259 0 1 0 22.9923 7.9560 0.0000
259 0 0 1 120.3019 7.9560 0.0000
259 0 0 1 120.1691 7.9560 0.0000
259 0 0 1 120.8766 7.9560 0.0000
260 1 0 0 96.1164 8.1527 0.1250
260 1 0 0 17.3342 8.1527 0.4703
260 0 0 1 119.9971 8.1527 0.0000
260 1 0 0 16.4829 8.1527 0.4946
260 1 0 0 16.7196 8.1527 0.4876
260 0 0 1 120.3366 8.1527 0.0000
260 1 0 0 16.5800 8.1527 0.4917
260 0 0 1 119.7476 8.1527 0.0000
260 1 0 0 62.0402 8.1527 0.1314
260 1 0 0 19.1387 8.1527 0.4260
260 1 0 0 20.0911 8.1527 0.4058
260 1 0 0 19.8411 8.1527 0.4109
260 1 0 0 18.1012 8.1527 0.4504
260 1 0 0 19.7822 8.1527 0.4121
260 1 0 0 20.4141 8.1527 0.3994
260 1 0 0 19.2469 8.1527 0.4236
260 1 0 0 19.8108 8.1527 0.4115
260 1 0 0 22.8994 8.1527 0.3560
260 1 0 0 78.5779 8.1527 0.1250
260 1 0 0 19.1214 8.1527 0.4264
261 1 0 0 14.6482 7.7656 0.5000
261 1 0 0 14.7317 7.7656 0.5000
261 1 0 0 14.7200 7.7656 0.5000
261 1 0 0 13.4134 7.7656 0.5000
261 1 0 0 13.4515 7.7656 0.5000
261 1 0 0 13.5575 7.7656 0.5000
261 1 0 0 14.2758 7.7656 0.5000
261 1 0 0 13.4472 7.7656 0.5000
261 1 0 0 12.8754 7.7656 0.5000
261 1 0 0 12.9536 7.7656 0.5000
261 1 0 0 13.0912 7.7656 0.5000
261 1 0 0 14.0156 7.7656 0.5000
261 1 0 0 13.5321 7.7656 0.5000
261 1 0 0 14.2735 7.7656 0.5000
261 1 0 0 13.9343 7.7656 0.5000
261 1 0 0 13.6509 7.7656 0.5000
261 1 0 0 13.6324 7.7656 0.5000
261 1 0 0 13.8570 7.7656 0.5000
261 1 0 0 13.4059 7.7656 0.5000
261 1 0 0 14.2780 7.7656 0.5000
262 0 1 0 37.4311 7.9944 0.0000
262 0 0 1 123.0290 7.9944 0.0000
262 0 0 1 120.9115 7.9944 0.0000
262 0 1 0 63.4327 7.9944 0.0000
262 0 1 0 71.2107 7.9944 0.0000
262 0 0 1 121.9161 7.9944 0.0000
262 0 1 0 27.1490 7.9944 0.0000
262 0 0 1 121.9135 7.9944 0.0000
262 0 0 1 121.3275 7.9944 0.0000
262 0 0 1 119.9419 7.9944 0.0000
262 0 0 1 119.5445 7.9944 0.0000
262 0 0 1 121.4789 7.9944 0.0000
262 1 0 0 51.6851 7.9944 0.1547
262 0 0 1 120.2143 7.9944 0.0000
262 0 1 0 37.2053 7.9944 0.0000
262 0 1 1 114.3736 7.9944 0.0000
262 0 1 0 36.4234 7.9944 0.0000
263 1 0 0 27.3323 8.0851 0.2958
263 1 0 0 20.3062 8.0851 0.3982
263 1 0 0 20.3477 8.0851 0.3973
263 0 0 1 120.8933 8.0851 0.0000
263 1 0 0 24.9585 8.0851 0.3239
263 1 0 1 119.4274 8.0851 0.1250
263 1 0 0 21.5707 8.0851 0.3748
263 1 0 0 19.2202 8.0851 0.4207
263 0 0 1 119.2127 8.0851 0.0000
263 1 0 0 21.2732 8.0851 0.3801
263 1 0 0 26.1424 8.0851 0.3093
263 1 0 0 19.1611 8.0851 0.4220
263 1 0 0 21.2875 8.0851 0.3798
263 1 0 0 31.9037 8.0851 0.2534
263 1 0 0 33.0847 8.0851 0.2444
263 1 0 0 28.7677 8.0851 0.2810
263 1 0 0 88.4916 8.0851 0.1250
263 1 0 0 20.5650 8.0851 0.3932
263 1 0 0 30.4017 8.0851 0.2659
263 1 0 0 19.8122 8.0851 0.4081
264 0 0 1 121.4999 8.4668 0.0000
264 0 0 1 121.0101 8.4668 0.0000
264 0 1 0 94.1515 8.4668 0.0000
264 0 0 1 120.4264 8.4668 0.0000
264 0 1 0 95.1074 8.4668 0.0000
264 1 0 0 54.4612 8.4668 0.1555
264 1 0 0 63.5582 8.4668 0.1332
264 1 0 0 90.1573 8.4668 0.1250
264 0 0 1 121.1289 8.4668 0.0000
264 0 1 0 54.5018 8.4668 0.0000
264 0 0 1 120.2838 8.4668 0.0000
264 0 0 1 120.8374 8.4668 0.0000
264 0 0 1 120.9503 8.4668 0.0000
264 0 1 0 34.5561 8.4668 0.0000
264 1 0 0 64.1542 8.4668 0.1320
264 0 0 1 120.2602 8.4668 0.0000
264 1 0 0 24.4073 8.4668 0.3469
264 0 1 1 114.2324 8.4668 0.0000
265 1 0 0 24.2561 8.6869 0.3581
265 1 0 0 29.1780 8.6869 0.2977
265 1 0 0 41.3739 8.6869 0.2100
265 1 0 0 28.9027 8.6869 0.3006
265 1 0 0 26.1918 8.6869 0.3317
265 1 0 0 18.5502 8.6869 0.4683
265 0 0 1 120.3509 8.6869 0.0000
265 1 0 0 28.4917 8.6869 0.3049
265 1 0 0 19.1202 8.6869 0.4543
265 0 0 1 119.2879 8.6869 0.0000
265 1 0 0 22.9496 8.6869 0.3785
265 1 0 0 28.2322 8.6869 0.3077
265 1 0 0 21.7425 8.6869 0.3995
265 1 0 0 30.2299 8.6869 0.2874
265 1 0 0 20.4807 8.6869 0.4242
265 1 0 0 23.5570 8.6869 0.3688
265 1 0 0 18.2393 8.6869 0.4763
265 1 0 0 23.4466 8.6869 0.3705
265 1 0 0 20.2639 8.6869 0.4287
265 1 0 0 23.5140 8.6869 0.3694
266 1 0 0 19.3486 9.0261 0.4665
266 1 0 0 22.6484 9.0261 0.3985
266 1 0 0 18.4547 9.0261 0.4891
266 1 0 0 30.4982 9.0261 0.2960
266 1 0 0 17.5014 9.0261 0.5000
266 0 1 0 18.4163 9.0261 0.0000
266 1 0 1 102.9184 9.0261 0.1250
266 1 0 0 20.3457 9.0261 0.4436
266 1 0 0 19.2808 9.0261 0.4681
266 0 1 0 24.0154 9.0261 0.0000
266 0 1 0 20.7463 9.0261 0.0000
266 1 0 0 29.1786 9.0261 0.3093
266 1 0 0 20.8510 9.0261 0.4329
266 1 0 0 18.8736 9.0261 0.4782
266 0 0 1 122.3817 9.0261 0.0000
266 0 1 0 34.5024 9.0261 0.0000
266 1 0 0 18.2089 9.0261 0.4957
266 1 0 0 21.7200 9.0261 0.4156
266 1 0 0 32.3261 9.0261 0.2792
266 1 0 0 34.0665 9.0261 0.2650
267 1 0 0 10.8675 7.8513 0.5000
267 1 0 0 9.0421 7.8513 0.5000
267 1 0 0 10.0412 7.8513 0.5000
267 1 0 0 9.7193 7.8513 0.5000
267 1 0 0 10.0057 7.8513 0.5000
267 1 0 0 9.2803 7.8513 0.5000
267 1 0 0 10.8892 7.8513 0.5000
267 1 0 0 9.9681 7.8513 0.5000
267 1 0 0 9.7957 7.8513 0.5000
267 1 0 0 10.4020 7.8513 0.5000
267 1 0 0 10.5613 7.8513 0.5000
267 1 0 0 8.6566 7.8513 0.5000
267 1 0 0 9.1898 7.8513 0.5000
267 1 0 0 9.7906 7.8513 0.5000
267 1 0 0 9.9733 7.8513 0.5000
267 1 0 0 16.1455 7.8513 0.4863
267 1 0 0 10.0260 7.8513 0.5000
267 1 0 0 9.2579 7.8513 0.5000
267 1 0 0 10.8442 7.8513 0.5000
267 1 0 0 10.8084 7.8513 0.5000
268 1 0 0 17.7026 7.9633 0.4498
268 1 0 0 14.3498 7.9633 0.5000
268 1 0 0 22.7934 7.9633 0.3494
268 1 0 0 17.0257 7.9633 0.4677
268 1 0 0 23.7678 7.9633 0.3350
268 1 0 0 15.3723 7.9633 0.5000
268 1 0 0 14.6767 7.9633 0.5000
268 1 0 0 15.1518 7.9633 0.5000
268 1 0 0 15.2134 7.9633 0.5000
268 1 0 0 15.6558 7.9633 0.5000
268 1 0 0 16.6602 7.9633 0.4780
268 1 0 0 16.4135 7.9633 0.4852
268 1 0 0 20.4689 7.9633 0.3890
268 1 0 0 14.6613 7.9633 0.5000
268 1 0 0 16.3053 7.9633 0.4884
268 1 0 0 15.4892 7.9633 0.5000
268 1 0 0 16.0606 7.9633 0.4958
268 1 0 0 14.8478 7.9633 0.5000
268 1 0 0 16.3900 7.9633 0.4859
268 1 0 0 23.2997 7.9633 0.3418
269 1 0 0 16.9551 8.3235 0.4909
269 1 0 0 15.8243 8.3235 0.5000
269 1 0 0 16.5268 8.3235 0.5000
269 1 0 0 15.8489 8.3235 0.5000
269 1 0 0 18.3329 8.3235 0.4540
269 1 0 0 16.9983 8.3235 0.4897
269 1 0 0 16.4072 8.3235 0.5000
269 1 0 0 21.3544 8.3235 0.3898
269 1 0 0 16.2518 8.3235 0.5000
269 1 0 0 16.4639 8.3235 0.5000
269 1 0 0 16.9368 8.3235 0.4914
269 1 0 0 15.9312 8.3235 0.5000
269 1 0 0 16.4803 8.3235 0.5000
269 1 0 0 16.4047 8.3235 0.5000
269 1 0 0 20.7094 8.3235 0.4019
269 1 0 0 16.6290 8.3235 0.5000
269 1 0 0 16.2419 8.3235 0.5000
269 1 0 0 15.7069 8.3235 0.5000
269 1 0 0 16.1393 8.3235 0.5000
269 1 0 0 15.8558 8.3235 0.5000
270 1 0 0 17.3599 8.3528 0.4812
270 1 0 0 17.3135 8.3528 0.4824
270 1 0 0 17.4249 8.3528 0.4794
270 1 0 0 28.4465 8.3528 0.2936
270 1 0 0 22.7912 8.3528 0.3665
270 1 0 0 21.0435 8.3528 0.3969
270 1 0 0 32.1237 8.3528 0.2600
270 1 0 0 17.9781 8.3528 0.4646
270 1 0 0 45.3540 8.3528 0.1842
270 1 0 0 20.7625 8.3528 0.4023
270 1 0 0 16.8701 8.3528 0.4951
270 1 0 0 18.4906 8.3528 0.4517
270 1 0 0 24.2843 8.3528 0.3440
270 1 0 0 18.3136 8.3528 0.4561
270 1 0 0 19.6310 8.3528 0.4255
270 1 0 0 18.2062 8.3528 0.4588
270 1 0 0 18.5406 8.3528 0.4505
270 1 0 0 17.3383 8.3528 0.4818
270 1 0 0 17.0831 8.3528 0.4889
270 1 0 0 17.3836 8.3528 0.4805
271 1 0 0 14.7254 8.1654 0.5000
271 1 0 0 14.1581 8.1654 0.5000
271 1 0 0 14.4067 8.1654 0.5000
271 1 0 0 14.2892 8.1654 0.5000
271 1 0 0 14.6715 8.1654 0.5000
271 1 0 0 14.7903 8.1654 0.5000
271 1 0 0 14.2294 8.1654 0.5000
271 1 0 0 15.2591 8.1654 0.5000
271 1 0 0 14.1722 8.1654 0.5000
271 1 0 0 13.9970 8.1654 0.5000
271 1 0 0 13.6547 8.1654 0.5000
271 1 0 0 13.5468 8.1654 0.5000
271 1 0 0 14.8818 8.1654 0.5000
271 1 0 0 15.0907 8.1654 0.5000
271 1 0 0 15.2334 8.1654 0.5000
271 1 0 0 14.9459 8.1654 0.5000
271 1 0 0 14.1008 8.1654 0.5000
271 1 0 0 13.5850 8.1654 0.5000
271 1 0 0 14.8569 8.1654 0.5000
271 1 0 0 14.3346 8.1654 0.5000
272 1 0 0 13.7808 7.8076 0.5000
272 1 0 0 13.5688 7.8076 0.5000
272 1 0 0 13.5344 7.8076 0.5000
272 1 0 0 13.6703 7.8076 0.5000
272 1 0 0 14.1051 7.8076 0.5000
272 1 0 0 13.9996 7.8076 0.5000
272 1 0 0 13.4302 7.8076 0.5000
272 1 0 0 14.1017 7.8076 0.5000
272 1 0 0 13.8687 7.8076 0.5000
272 1 0 0 14.1633 7.8076 0.5000
272 1 0 0 13.5892 7.8076 0.5000
272 1 0 0 14.1627 7.8076 0.5000
272 1 0 0 13.3370 7.8076 0.5000
272 1 0 0 14.0136 7.8076 0.5000
272 1 0 0 14.0964 7.8076 0.5000
272 1 0 0 13.3589 7.8076 0.5000
272 1 0 0 13.4182 7.8076 0.5000
272 1 0 0 13.3775 7.8076 0.5000
272 1 0 0 13.0587 7.8076 0.5000
272 1 0 0 13.6683 7.8076 0.5000
273 1 0 0 17.2296 8.2953 0.4815
273 1 0 0 15.9003 8.2953 0.5000
273 1 0 0 24.6384 8.2953 0.3367
273 1 0 0 15.5324 8.2953 0.5000
273 1 0 0 16.7793 8.2953 0.4944
273 1 0 0 15.9515 8.2953 0.5000
273 1 0 0 15.4736 8.2953 0.5000
273 1 0 0 15.9762 8.2953 0.5000
273 1 0 0 14.6780 8.2953 0.5000
273 1 0 0 15.2706 8.2953 0.5000
273 1 0 0 15.2926 8.2953 0.5000
273 1 0 0 15.7823 8.2953 0.5000
273 1 0 0 14.8145 8.2953 0.5000
273 1 0 0 17.2758 8.2953 0.4802
273 1 0 0 15.3951 8.2953 0.5000
273 1 0 0 16.1130 8.2953 0.5000
273 1 0 0 15.9422 8.2953 0.5000
273 1 0 0 15.7880 8.2953 0.5000
273 1 0 0 15.1021 8.2953 0.5000
273 1 0 0 16.8758 8.2953 0.4915
274 1 0 0 46.7762 8.1381 0.1740
274 0 0 1 119.9637 8.1381 0.0000
274 1 0 0 48.4610 8.1381 0.1679
274 1 0 0 30.4174 8.1381 0.2675
274 1 0 0 81.5063 8.1381 0.1250
274 1 0 0 36.3683 8.1381 0.2238
274 1 0 0 25.1921 8.1381 0.3230
274 0 0 1 121.2004 8.1381 0.0000
274 1 0 0 65.5185 8.1381 0.1250
274 1 0 0 26.0349 8.1381 0.3126
274 0 0 1 119.9691 8.1381 0.0000
274 1 0 0 34.8822 8.1381 0.2333
274 1 0 0 25.6342 8.1381 0.3175
274 0 0 1 119.6708 8.1381 0.0000
274 1 0 0 66.4825 8.1381 0.1250
274 1 0 0 86.7827 8.1381 0.1250
274 0 0 1 121.5940 8.1381 0.0000
274 1 0 0 37.2502 8.1381 0.2185
274 0 0 1 120.9897 8.1381 0.0000
274 0 0 1 120.1035 8.1381 0.0000
275 1 0 0 15.5053 7.8943 0.5000
275 1 0 0 19.9755 7.8943 0.3952
275 1 0 0 15.1952 7.8943 0.5000
275 1 0 0 14.6297 7.8943 0.5000
275 1 0 0 14.3204 7.8943 0.5000
275 1 0 0 13.3819 7.8943 0.5000
275 1 0 0 14.6293 7.8943 0.5000
275 1 0 0 13.8822 7.8943 0.5000
275 1 0 0 15.4478 7.8943 0.5000
275 1 0 0 15.6411 7.8943 0.5000
275 1 0 0 13.4549 7.8943 0.5000
275 1 0 0 19.8134 7.8943 0.3984
275 1 0 0 12.3625 7.8943 0.5000
275 1 0 0 17.6257 7.8943 0.4479
275 0 1 0 6.1035 7.8943 0.0000
275 1 0 0 15.3301 7.8943 0.5000
275 1 0 0 15.7846 7.8943 0.5000
275 1 0 0 16.4576 7.8943 0.4797
275 1 0 0 15.9561 7.8943 0.4948
275 1 0 0 20.8377 7.8943 0.3788
276 1 0 0 12.1238 8.7216 0.5000
276 1 0 0 12.4733 8.7216 0.5000
276 1 0 0 11.5847 8.7216 0.5000
276 1 0 0 11.7101 8.7216 0.5000
276 1 0 0 12.4121 8.7216 0.5000
276 1 0 0 11.7646 8.7216 0.5000
276 1 0 0 12.2449 8.7216 0.5000
276 1 0 0 12.0428 8.7216 0.5000
276 1 0 0 12.1938 8.7216 0.5000
276 1 0 0 11.5480 8.7216 0.5000
276 1 0 0 11.9706 8.7216 0.5000
276 1 0 0 12.1818 8.7216 0.5000
276 1 0 0 12.2900 8.7216 0.5000
276 1 0 0 12.4717 8.7216 0.5000
276 1 0 0 12.1682 8.7216 0.5000
276 1 0 0 11.9906 8.7216 0.5000
276 1 0 0 11.7811 8.7216 0.5000
276 1 0 0 11.7178 8.7216 0.5000
276 1 0 0 11.8994 8.7216 0.5000
276 1 0 0 12.2684 8.7216 0.5000
277 1 0 0 13.5263 7.8863 0.5000
277 1 0 0 13.4410 7.8863 0.5000
277 1 0 0 13.9805 7.8863 0.5000
277 1 0 0 13.3813 7.8863 0.5000
277 1 0 0 13.5597 7.8863 0.5000
277 1 0 0 13.6150 7.8863 0.5000
277 1 0 0 13.4935 7.8863 0.5000
277 1 0 0 13.5087 7.8863 0.5000
277 1 0 0 13.4213 7.8863 0.5000
277 1 0 0 14.1431 7.8863 0.5000
277 1 0 0 13.5075 7.8863 0.5000
277 1 0 0 13.4460 7.8863 0.5000
277 1 0 0 14.2373 7.8863 0.5000
277 1 0 0 13.5853 7.8863 0.5000
277 1 0 0 13.7230 7.8863 0.5000
277 1 0 0 13.6925 7.8863 0.5000
277 1 0 0 14.0975 7.8863 0.5000
277 1 0 0 13.5940 7.8863 0.5000
277 1 0 0 13.6461 7.8863 0.5000
277 1 0 0 15.1904 7.8863 0.5000
278 1 0 0 18.0881 7.9938 0.4419
278 1 0 0 23.2420 7.9938 0.3439
278 1 0 0 24.0204 7.9938 0.3328
278 1 0 0 18.3332 7.9938 0.4360
278 1 0 0 21.4780 7.9938 0.3722
278 1 0 0 31.1282 7.9938 0.2568
278 1 0 0 31.9915 7.9938 0.2499
278 1 0 0 27.3824 7.9938 0.2919
278 1 0 0 30.0584 7.9938 0.2659
278 1 0 0 24.1624 7.9938 0.3308
278 1 0 0 21.6608 7.9938 0.3690
278 1 0 0 28.7741 7.9938 0.2778
278 1 0 0 20.2271 7.9938 0.3952
278 1 0 0 17.0216 7.9938 0.4696
278 1 0 0 25.9595 7.9938 0.3079
278 1 0 0 29.8661 7.9938 0.2677
278 1 0 0 16.1543 7.9938 0.4948
278 1 0 0 30.9780 7.9938 0.2580
278 1 0 0 30.2077 7.9938 0.2646
278 1 0 0 40.5803 7.9938 0.1970
279 1 0 0 20.2348 8.8454 0.4371
279 1 0 0 22.0019 8.8454 0.4020
279 0 0 1 121.2687 8.8454 0.0000
279 1 0 0 29.2054 8.8454 0.3029
279 1 0 0 31.6056 8.8454 0.2799
279 1 0 0 23.5740 8.8454 0.3752
279 1 0 0 35.5742 8.8454 0.2486
279 1 0 0 24.8063 8.8454 0.3566
279 1 0 0 28.9178 8.8454 0.3059
279 1 0 0 31.3677 8.8454 0.2820
279 1 0 0 23.0630 8.8454 0.3835
279 1 0 0 23.8378 8.8454 0.3711
279 1 0 0 21.4599 8.8454 0.4122
279 0 1 0 26.9685 8.8454 0.0000
279 1 0 0 23.5597 8.8454 0.3754
279 1 0 0 23.9614 8.8454 0.3692
279 1 0 0 21.1693 8.8454 0.4178
279 1 0 0 20.8574 8.8454 0.4241
279 1 0 0 70.8311 8.8454 0.1250
279 1 0 0 21.5839 8.8454 0.4098
280 1 0 0 12.7521 8.8536 0.5000
280 1 0 0 13.0164 8.8536 0.5000
280 1 0 0 13.0958 8.8536 0.5000
280 1 0 0 12.8047 8.8536 0.5000
280 1 0 0 12.9198 8.8536 0.5000
280 1 0 0 25.6394 8.8536 0.3453
280 1 0 0 13.5852 8.8536 0.5000
280 1 0 0 12.8732 8.8536 0.5000
280 1 0 0 12.9384 8.8536 0.5000
280 1 0 0 12.9385 8.8536 0.5000
280 1 0 0 12.9728 8.8536 0.5000
280 1 0 0 13.0382 8.8536 0.5000
280 1 0 0 13.7250 8.8536 0.5000
280 1 0 0 13.1085 8.8536 0.5000
280 1 0 0 12.7474 8.8536 0.5000
280 1 0 0 12.9995 8.8536 0.5000
280 1 0 0 13.3727 8.8536 0.5000
280 1 0 0 14.8647 8.8536 0.5000
280 1 0 0 12.5835 8.8536 0.5000
280 1 0 0 12.4512 8.8536 0.5000
281 1 0 0 11.6269 8.7492 0.5000
281 1 0 0 11.8397 8.7492 0.5000
281 1 0 0 11.6398 8.7492 0.5000
281 1 0 0 11.7408 8.7492 0.5000
281 1 0 0 11.6056 8.7492 0.5000
281 1 0 0 11.6253 8.7492 0.5000
281 1 0 0 11.7125 8.7492 0.5000
281 1 0 0 11.8186 8.7492 0.5000
281 1 0 0 11.7597 8.7492 0.5000
281 1 0 0 11.7814 8.7492 0.5000
281 1 0 0 11.7855 8.7492 0.5000
281 1 0 0 11.6429 8.7492 0.5000
281 1 0 0 11.7599 8.7492 0.5000
281 1 0 0 11.6648 8.7492 0.5000
281 1 0 0 11.1890 8.7492 0.5000
281 1 0 0 12.1265 8.7492 0.5000
281 1 0 0 11.6179 8.7492 0.5000
281 1 0 0 11.8687 8.7492 0.5000
281 1 0 0 11.5857 8.7492 0.5000
281 1 0 0 11.8749 8.7492 0.5000
282 1 0 0 10.8805 8.4952 0.5000
282 1 0 0 11.0332 8.4952 0.5000
282 1 0 0 10.8512 8.4952 0.5000
282 1 0 0 12.3894 8.4952 0.5000
282 1 0 0 11.1563 8.4952 0.5000
282 1 0 0 10.8503 8.4952 0.5000
282 1 0 0 11.6037 8.4952 0.5000
282 1 0 0 11.2477 8.4952 0.5000
282 1 0 0 11.6623 8.4952 0.5000
282 1 0 0 11.1111 8.4952 0.5000
282 1 0 0 11.0953 8.4952 0.5000
282 1 0 0 11.7061 8.4952 0.5000
282 1 0 0 11.1216 8.4952 0.5000
282 1 0 0 10.9586 8.4952 0.5000
282 1 0 0 11.1295 8.4952 0.5000
282 1 0 0 10.9983 8.4952 0.5000
282 1 0 0 11.0869 8.4952 0.5000
282 1 0 0 11.1609 8.4952 0.5000
282 1 0 0 11.1411 8.4952 0.5000
282 1 0 0 11.0028 8.4952 0.5000
283 1 0 0 19.0047 8.3117 0.4374
283 1 0 0 14.1182 8.3117 0.5000
283 1 0 0 13.4652 8.3117 0.5000
283 1 0 0 13.3742 8.3117 0.5000
283 1 0 0 13.4321 8.3117 0.5000
283 1 0 0 14.1452 8.3117 0.5000
283 1 0 0 12.9897 8.3117 0.5000
283 1 0 0 13.3370 8.3117 0.5000
283 1 0 0 14.0694 8.3117 0.5000
283 1 0 0 13.3641 8.3117 0.5000
283 1 0 0 13.5857 8.3117 0.5000
283 1 0 0 19.5515 8.3117 0.4251
283 1 0 0 13.1935 8.3117 0.5000
283 1 0 0 13.3164 8.3117 0.5000
283 1 0 0 14.0840 8.3117 0.5000
283 1 0 0 13.0631 8.3117 0.5000
283 1 0 0 13.5202 8.3117 0.5000
283 1 0 0 13.2969 8.3117 0.5000
283 1 0 0 13.3042 8.3117 0.5000
283 1 0 0 13.4389 8.3117 0.5000
284 1 0 0 12.0853 7.9792 0.5000
284 1 0 0 12.8115 7.9792 0.5000
284 1 0 0 13.4353 7.9792 0.5000
284 1 0 0 12.2125 7.9792 0.5000
284 1 0 0 11.6697 7.9792 0.5000
284 1 0 0 12.2534 7.9792 0.5000
284 1 0 0 11.6957 7.9792 0.5000
284 1 0 0 13.2473 7.9792 0.5000
284 1 0 0 11.6039 7.9792 0.5000
284 1 0 0 11.6931 7.9792 0.5000
284 1 0 0 12.9780 7.9792 0.5000
284 1 0 0 12.2100 7.9792 0.5000
284 1 0 0 12.1856 7.9792 0.5000
284 1 0 0 11.0641 7.9792 0.5000
284 1 0 0 11.1861 7.9792 0.5000
284 1 0 0 11.7671 7.9792 0.5000
284 1 0 0 12.3027 7.9792 0.5000
284 1 0 0 12.4440 7.9792 0.5000
284 1 0 0 12.3319 7.9792 0.5000
284 1 0 0 11.2829 7.9792 0.5000
285 1 0 0 22.9406 8.0789 0.3522
285 1 0 0 15.3006 8.0789 0.5000
285 1 0 0 16.5908 8.0789 0.4869
285 1 0 0 14.9197 8.0789 0.5000
285 1 0 0 32.7000 8.0789 0.2471
285 1 0 0 15.7577 8.0789 0.5000
285 1 0 0 48.4536 8.0789 0.1667
285 1 0 0 23.2590 8.0789 0.3473
285 1 0 0 15.5090 8.0789 0.5000
285 1 0 0 33.4791 8.0789 0.2413
285 1 0 0 20.9723 8.0789 0.3852
285 1 0 0 16.7319 8.0789 0.4828
285 1 0 0 19.5007 8.0789 0.4143
285 1 0 0 19.8643 8.0789 0.4067
285 1 0 0 23.9322 8.0789 0.3376
285 1 0 0 24.8560 8.0789 0.3250
285 0 0 1 119.8309 8.0789 0.0000
285 1 0 0 15.2505 8.0789 0.5000
285 1 0 0 17.1504 8.0789 0.4711
285 1 0 0 20.6853 8.0789 0.3906
286 1 0 0 12.8244 8.9715 0.5000
286 1 0 0 12.7495 8.9715 0.5000
286 1 0 0 13.0992 8.9715 0.5000
286 1 0 0 14.1647 8.9715 0.5000
286 1 0 0 12.3813 8.9715 0.5000
286 1 0 0 12.0366 8.9715 0.5000
286 1 0 0 13.6585 8.9715 0.5000
286 1 0 0 13.4904 8.9715 0.5000
286 1 0 0 12.3513 8.9715 0.5000
286 1 0 0 12.1510 8.9715 0.5000
286 1 0 0 16.0673 8.9715 0.5000
286 1 0 0 11.6702 8.9715 0.5000
286 1 0 0 13.5256 8.9715 0.5000
286 1 0 0 14.3882 8.9715 0.5000
286 1 0 0 12.1676 8.9715 0.5000
286 1 0 0 12.8916 8.9715 0.5000
286 1 0 0 11.5103 8.9715 0.5000
286 1 0 0 13.4450 8.9715 0.5000
286 1 0 0 17.5191 8.9715 0.5000
286 1 0 0 12.5043 8.9715 0.5000
287 1 0 0 17.1152 8.8475 0.5000
287 1 0 0 20.9083 8.8475 0.4232
287 1 0 0 15.6435 8.8475 0.5000
287 1 0 0 16.2043 8.8475 0.5000
287 1 0 0 15.8419 8.8475 0.5000
287 1 0 0 30.6398 8.8475 0.2888
287 1 0 0 15.7959 8.8475 0.5000
287 1 0 0 15.8267 8.8475 0.5000
287 1 0 0 25.8460 8.8475 0.3423
287 1 0 0 16.2311 8.8475 0.5000
287 1 0 0 16.0381 8.8475 0.5000
287 1 0 0 15.8685 8.8475 0.5000
287 1 0 0 15.9605 8.8475 0.5000
287 1 0 0 15.8996 8.8475 0.5000
287 1 0 0 20.3566 8.8475 0.4346
287 1 0 0 15.8297 8.8475 0.5000
287 1 0 0 16.4403 8.8475 0.5000
287 1 0 0 16.4629 8.8475 0.5000
287 1 0 0 16.1302 8.8475 0.5000
287 1 0 0 15.8476 8.8475 0.5000
288 1 0 0 15.2511 8.7374 0.5000
288 1 0 0 14.7192 8.7374 0.5000
288 1 0 0 14.8159 8.7374 0.5000
288 1 0 0 14.6631 8.7374 0.5000
288 1 0 0 15.7521 8.7374 0.5000
288 1 0 0 14.9367 8.7374 0.5000
288 1 0 0 14.6078 8.7374 0.5000
288 1 0 0 17.4787 8.7374 0.4999
288 1 0 0 14.7899 8.7374 0.5000
288 1 0 0 15.2331 8.7374 0.5000
288 1 0 0 14.3798 8.7374 0.5000
288 1 0 0 15.4830 8.7374 0.5000
288 1 0 0 14.8066 8.7374 0.5000
288 1 0 0 15.7679 8.7374 0.5000
288 1 0 0 16.1687 8.7374 0.5000
288 1 0 0 14.8183 8.7374 0.5000
288 1 0 0 16.2166 8.7374 0.5000
288 1 0 0 14.7031 8.7374 0.5000
288 1 0 0 15.3240 8.7374 0.5000
288 1 0 0 21.3227 8.7374 0.4098
289 1 0 0 14.7547 8.6135 0.5000
289 1 0 0 12.3805 8.6135 0.5000
289 1 0 0 12.4689 8.6135 0.5000
289 1 0 0 12.9740 8.6135 0.5000
289 1 0 0 13.5445 8.6135 0.5000
289 0 0 1 120.3784 8.6135 0.0000
289 1 0 0 12.9589 8.6135 0.5000
289 1 0 0 12.9132 8.6135 0.5000
289 1 0 0 13.6062 8.6135 0.5000
289 1 0 0 12.2505 8.6135 0.5000
289 1 0 0 14.6523 8.6135 0.5000
289 1 0 0 12.8474 8.6135 0.5000
289 1 0 0 13.7518 8.6135 0.5000
289 1 0 0 13.5082 8.6135 0.5000
289 1 0 0 13.7007 8.6135 0.5000
289 1 0 0 12.4516 8.6135 0.5000
289 1 0 0 12.8805 8.6135 0.5000
289 1 0 0 13.0551 8.6135 0.5000
289 1 0 0 23.0676 8.6135 0.3734
289 1 0 0 12.4594 8.6135 0.5000
290 1 0 0 12.2894 8.2756 0.5000
290 1 0 0 11.6130 8.2756 0.5000
290 1 0 0 12.3371 8.2756 0.5000
290 1 0 0 13.5538 8.2756 0.5000
290 1 0 0 12.4797 8.2756 0.5000
290 1 0 0 12.8988 8.2756 0.5000
290 1 0 0 26.1687 8.2756 0.3162
290 1 0 0 13.4350 8.2756 0.5000
290 1 0 0 17.6872 8.2756 0.4679
290 1 0 0 13.4217 8.2756 0.5000
290 1 0 0 12.1909 8.2756 0.5000
290 1 0 0 12.2464 8.2756 0.5000
290 1 0 0 12.9707 8.2756 0.5000
290 1 0 0 13.8864 8.2756 0.5000
290 1 0 0 13.5671 8.2756 0.5000
290 1 0 0 12.9130 8.2756 0.5000
290 1 0 0 12.3710 8.2756 0.5000
290 1 0 0 12.4961 8.2756 0.5000
290 1 0 0 14.8501 8.2756 0.5000
290 1 0 0 12.4705 8.2756 0.5000
291 0 0 1 121.5920 8.4414 0.0000
291 0 0 1 121.7765 8.4414 0.0000
291 1 0 0 73.0920 8.4414 0.1250
291 1 0 0 32.9877 8.4414 0.2559
291 1 0 0 36.2934 8.4414 0.2326
291 1 0 1 120.0019 8.4414 0.1250
291 0 0 1 121.2974 8.4414 0.0000
291 0 0 1 121.4398 8.4414 0.0000
291 0 0 1 120.7626 8.4414 0.0000
291 0 0 1 121.0099 8.4414 0.0000
291 0 0 1 121.3124 8.4414 0.0000
291 1 0 0 56.2917 8.4414 0.1500
291 0 1 0 80.8222 8.4414 0.0000
291 0 0 1 122.8214 8.4414 0.0000
291 0 0 1 121.0098 8.4414 0.0000
291 1 0 0 45.4252 8.4414 0.1858
291 0 0 1 120.1718 8.4414 0.0000
292 1 0 0 11.7853 8.3615 0.5000
292 1 0 0 12.2668 8.3615 0.5000
292 1 0 0 12.4629 8.3615 0.5000
292 1 0 0 11.2210 8.3615 0.5000
292 1 0 0 12.1736 8.3615 0.5000
292 1 0 0 12.3346 8.3615 0.5000
292 1 0 0 12.1323 8.3615 0.5000
292 1 0 0 12.2752 8.3615 0.5000
292 1 0 0 12.3312 8.3615 0.5000
292 1 0 0 12.8193 8.3615 0.5000
292 1 0 0 12.2326 8.3615 0.5000
292 1 0 0 12.8083 8.3615 0.5000
292 1 0 0 12.1620 8.3615 0.5000
292 1 0 0 11.9301 8.3615 0.5000
292 1 0 0 12.3375 8.3615 0.5000
292 1 0 0 11.5882 8.3615 0.5000
292 1 0 0 12.3643 8.3615 0.5000
292 1 0 0 12.1082 8.3615 0.5000
292 1 0 0 12.1884 8.3615 0.5000
292 1 0 0 12.3379 8.3615 0.5000
293 1 0 0 16.0630 8.1166 0.5000
293 1 0 0 15.8194 8.1166 0.5000
293 1 0 0 23.6532 8.1166 0.3432
293 1 0 0 23.5203 8.1166 0.3451
293 1 0 0 24.0604 8.1166 0.3373
293 1 0 0 20.5401 8.1166 0.3952
293 1 0 0 16.8669 8.1166 0.4812
293 1 0 0 23.5723 8.1166 0.3443
293 1 0 0 21.9728 8.1166 0.3694
293 1 0 0 24.4859 8.1166 0.3315
293 1 0 0 21.6069 8.1166 0.3756
293 1 0 0 16.6074 8.1166 0.4887
293 1 0 0 24.0160 8.1166 0.3380
293 1 0 0 15.5503 8.1166 0.5000
293 1 0 0 21.1109 8.1166 0.3845
293 1 0 0 31.6001 8.1166 0.2569
293 1 0 0 25.0169 8.1166 0.3244
293 1 0 0 21.2520 8.1166 0.3819
293 0 1 0 9.0681 8.1166 0.0000
293 1 0 0 20.1088 8.1166 0.4036
294 1 0 0 16.0889 8.3546 0.5000
294 1 0 0 21.7282 8.3546 0.3845
294 1 0 0 14.9042 8.3546 0.5000
294 1 0 0 16.8133 8.3546 0.4969
294 1 0 0 15.8865 8.3546 0.5000
294 1 0 0 15.6262 8.3546 0.5000
294 1 0 0 16.0245 8.3546 0.5000
294 1 0 0 15.3515 8.3546 0.5000
294 1 0 0 15.7073 8.3546 0.5000
294 1 0 0 15.3485 8.3546 0.5000
294 1 0 0 23.9732 8.3546 0.3485
294 1 0 0 15.1376 8.3546 0.5000
294 1 0 0 16.1214 8.3546 0.5000
294 1 0 0 22.9871 8.3546 0.3634
294 1 0 0 15.9775 8.3546 0.5000
294 1 0 0 19.7196 8.3546 0.4237
294 1 0 0 16.2044 8.3546 0.5000
294 1 0 0 14.6664 8.3546 0.5000
294 1 0 0 15.4151 8.3546 0.5000
294 0 0 1 120.2307 8.3546 0.0000
295 1 0 0 25.1622 8.0522 0.3200
295 1 0 0 20.3012 8.0522 0.3966
295 1 0 0 45.1603 8.0522 0.1783
295 1 0 0 43.2764 8.0522 0.1861
295 1 0 0 21.3883 8.0522 0.3765
295 1 0 0 28.4083 8.0522 0.2834
295 1 0 0 43.8983 8.0522 0.1834
295 1 0 0 30.7588 8.0522 0.2618
295 1 0 0 33.4049 8.0522 0.2410
295 1 0 0 34.0975 8.0522 0.2362
295 1 0 0 24.9737 8.0522 0.3224
295 1 0 0 21.8561 8.0522 0.3684
295 1 0 0 31.5667 8.0522 0.2551
295 1 0 0 21.2097 8.0522 0.3796
295 1 0 0 20.9178 8.0522 0.3849
295 1 0 0 35.4112 8.0522 0.2274
295 1 0 0 20.8216 8.0522 0.3867
295 1 0 0 23.2387 8.0522 0.3465
295 1 0 0 20.6131 8.0522 0.3906
295 1 0 0 33.4886 8.0522 0.2404
296 0 0 1 120.8547 8.1588 0.0000
296 1 0 0 13.3718 8.1588 0.5000
296 0 0 1 122.7639 8.1588 0.0000
296 0 0 1 121.9752 8.1588 0.0000
296 0 0 1 120.8943 8.1588 0.0000
296 0 0 1 121.6334 8.1588 0.0000
296 0 0 1 121.6748 8.1588 0.0000
296 1 0 0 18.9025 8.1588 0.4316
296 0 0 1 120.8074 8.1588 0.0000
296 0 0 1 122.3918 8.1588 0.0000
296 0 0 1 122.1517 8.1588 0.0000
296 0 0 1 121.6350 8.1588 0.0000
296 1 0 0 13.5966 8.1588 0.5000
296 0 0 1 121.2595 8.1588 0.0000
296 0 0 1 121.3735 8.1588 0.0000
296 1 0 0 14.6668 8.1588 0.5000
296 0 0 1 121.7029 8.1588 0.0000
296 1 0 0 29.4753 8.1588 0.2768
296 1 0 0 15.1314 8.1588 0.5000
296 0 0 1 122.0127 8.1588 0.0000
297 1 0 0 14.4575 8.5215 0.5000
297 1 0 0 14.1910 8.5215 0.5000
297 1 0 0 15.8257 8.5215 0.5000
297 1 0 0 14.6130 8.5215 0.5000
297 1 0 0 14.0625 8.5215 0.5000
297 1 0 0 14.2902 8.5215 0.5000
297 1 0 0 14.2550 8.5215 0.5000
297 1 0 0 15.0331 8.5215 0.5000
297 1 0 0 14.5326 8.5215 0.5000
297 1 0 0 14.2635 8.5215 0.5000
297 1 0 0 14.1988 8.5215 0.5000
297 1 0 0 14.7194 8.5215 0.5000
297 1 0 0 16.0577 8.5215 0.5000
297 1 0 0 14.3222 8.5215 0.5000
297 1 0 0 14.2778 8.5215 0.5000
297 1 0 0 13.7221 8.5215 0.5000
297 1 0 0 14.0846 8.5215 0.5000
297 1 0 0 14.0201 8.5215 0.5000
297 1 0 0 14.9143 8.5215 0.5000
297 1 0 0 14.7979 8.5215 0.5000
298 1 0 0 13.6604 8.1066 0.5000
298 1 0 0 14.1870 8.1066 0.5000
298 1 0 0 14.0284 8.1066 0.5000
298 1 0 0 14.0299 8.1066 0.5000
298 1 0 0 14.0518 8.1066 0.5000
298 1 0 0 14.1371 8.1066 0.5000
298 1 0 0 13.6634 8.1066 0.5000
298 1 0 0 14.0777 8.1066 0.5000
298 1 0 0 13.9908 8.1066 0.5000
298 1 0 0 13.6336 8.1066 0.5000
298 1 0 0 13.7743 8.1066 0.5000
298 1 0 0 13.9668 8.1066 0.5000
298 1 0 0 13.7257 8.1066 0.5000
298 1 0 0 14.0742 8.1066 0.5000
298 1 0 0 13.9094 8.1066 0.5000
298 1 0 0 13.9201 8.1066 0.5000
298 1 0 0 13.6450 8.1066 0.5000
298 1 0 0 14.2300 8.1066 0.5000
298 1 0 0 13.6118 8.1066 0.5000
298 1 0 0 14.2009 8.1066 0.5000
299 0 1 0 21.3985 7.8943 0.0000
299 1 0 0 29.0792 7.8943 0.2715
299 0 0 1 120.3535 7.8943 0.0000
299 1 0 0 20.1030 7.8943 0.3927
299 1 0 0 32.3823 7.8943 0.2438
299 0 0 1 120.7632 7.8943 0.0000
299 0 0 1 120.0616 7.8943 0.0000
299 0 0 1 120.6834 7.8943 0.0000
299 1 0 0 27.4241 7.8943 0.2879
299 1 0 0 23.3159 7.8943 0.3386
299 1 0 0 20.6352 7.8943 0.3826
299 0 0 1 119.7016 7.8943 0.0000
299 0 0 1 120.2895 7.8943 0.0000
299 0 0 1 121.0300 7.8943 0.0000
299 0 0 1 118.5384 7.8943 0.0000
299 0 0 1 120.2451 7.8943 0.0000
299 1 0 0 29.1595 7.8943 0.2707
299 1 0 0 24.3288 7.8943 0.3245
299 1 0 0 34.5774 7.8943 0.2283
299 1 0 0 26.6762 7.8943 0.2959
